0.03991
0.10461
0.93716
0.16894
0.98953
0.73231
0.39528
0.72484
0.82474
0.25593
0.38555
0.95554
0.32886
0.5978
0.09958
0.18065
0.81616
0.18711
0.53342
0.44276
0.17546
0.73704
0.92052
0.46215
0.15917
0.06253
0.07586
0.1612
0.82641
0.2282
0.32643
0.52861
0.95819
0.06831
0.1964
0.99413
0.90767
0.04235
0.13574
0.172
0.69572
0.68777
0.3951
0.35905
0.85244
0.35159
0.40188
0.28193
0.29593
0.88627
0.19121
0.34414
0.82157
0.86887
0.55087
0.24122
0.61196
0.66591
0.30231
0.27699
0.92962
0.06494
0.61773
0.03152
0.22109
0.78508
0.63439
0.75363
0.44989
0.16822
0.30532
0.21704
0.10274
0.12202
0.94205
0.2038
0.67049
0.0907
0.93399
0.45547
0.03788
0.97599
0.75867
0.20717
0.82037
0.10268
0.79495
0.04146
0.52162
0.90286
0.48228
0.63379
0.85783
0.47619
0.87481
0.3722
0.91704
0.30552
0.04737
0.21031